javac -d . TransferContract.java


javac -d . RentalContract.java

javac -d . WaterDropCharityContract.java

javac -d . HopeSchoolNFTContract.java

javac -Xlint:unchecked  -d . PropertyMortgageLoanContract.java

在区块链系统（如 Solana、Ethereum）中，Gas 费用的扣除规则是统一且明确的：Gas 费用由发起交易的外部账户（Externally Owned Account, EOA）支付，而非合约账户（Contract Account）。以下从技术设计和业务逻辑两方面详细说明：
1. 账户类型与 Gas 付费的本质
区块链中存在两种核心账户类型，决定了 Gas 费用的支付方：
外部账户（EOA）：由私钥控制的用户账户（如用户钱包），具备以下特点：
可主动发起交易（如调用合约、转账）。
拥有实际余额（代币），可用于支付 Gas 费用。
合约账户（CA）：由智能合约代码控制的账户，特点是：
无法主动发起交易，只能被动响应外部账户的调用。
虽然可能有余额（如接收转账），但不能用于支付 Gas 费用（设计上禁止）。
2. Gas 费用从外部账户扣除的原因
主动发起者负责付费：智能合约的执行必须由外部账户触发（如用户调用transferWithSignature方法）。Gas 是对区块链节点计算资源的消耗补偿，而消耗的触发者是外部账户，因此需由其支付。
合约账户的被动性：合约账户没有私钥，无法主动发起 “支付 Gas” 的操作。即使合约账户有余额，也只能通过外部账户调用合约方法来使用其余额（如转账给其他账户），但 Gas 费用仍需由发起调用的外部账户承担。
安全性与避免循环依赖：若允许合约用自身余额支付 Gas，可能导致恶意合约通过无限循环消耗自身余额，引发链上资源滥用。而外部账户付费可通过余额限制天然防止此类问题。


基于此合约 实现NTF合约 注意签名时时间一定要从原始交易中取 不要再生成系统时间  禁止使用出java提供类 禁止使用内部类 等等




{
  "compressedBytes": [31, -117, 8, 0, 0, 0, 0, 0, 0, -1, -67, 89, 123, 124, 84, -43, -75, -2, -10, -28, 113, 38, -109, -61, 35, 67, -126, 14, -120, 4, 5, 12, 121, 24, 68, 64, 76, 0, 27, -62, 43, 49, 9, 104, 40, 24, 80, -20, 73, 114, 8, 3, -109, -103, 56, 51, 65, -64, 23, -42, -126, -128, -88, -88, 88, 5, -95, -88, 23, -120, 34, -56, -53, -122, 36, -120, -76, 122, 107, 91, 91, -83, -11, -38, 123, -67, -75, -74, -75, -105, 9, -95, 47, -37, 123, -67, -105, 106, -91, -12, -37, -5, -100, -103, 76, -110, 1, 105, -1, -72, -104, -33, -103, 125, -10, -34, -21, -79, -41, 90, -33, 90, 107, 31, -33, -6, 91, -57, 107, 0, 74, -60, 125, 46, 56, -112, -92, 33, 89, 71, 10, 82, 5, 6, 46, 51, 86, 24, -123, 62, -61, -33, 80, 56, -89, 118, -103, 89, 23, 22, 72, -99, -20, -11, 123, -61, 83, 5, -110, 114, -58, -52, -41, -32, 20, -72, -94, 123, 83, -103, -49, 103, 54, 24, -66, -110, 96, 67, 115, -93, -23, 15, -49, 88, 89, 103, 54, -123, -67, 1, -65, 19, 46, -127, -95, -111, -11, 59, 34, 45, 15, -99, 60, -66, -11, -12, -13, 59, 78, -74, 61, -36, -11, -64, -15, -109, 109, 29, 93, -81, -20, -20, 124, -14, -96, 11, 26, 116, 41, -76, -97, 64, 86, 78, 69, 55, -57, -22, 112, -48, -21, 111, 40, 30, 51, 63, 13, 3, 48, 80, 67, -122, 14, 55, 6, 9, -116, -84, 11, 52, 22, -42, 122, -61, -123, -95, 0, -9, 25, -123, 43, 26, -61, -123, -13, -126, -122, 63, -76, -60, 12, -106, 6, -4, -31, -96, 81, 23, 30, 39, 48, -64, -88, -85, 11, 52, -5, -61, -45, 12, -18, -86, 51, 67, -100, -79, -104, 55, -121, -67, -66, -62, 74, -93, -87, -40, -123, 44, 12, -42, 112, -119, -114, 75, -31, 17, -24, -33, 45, -70, 34, -32, 111, 16, -48, 86, 24, -66, 102, 115, -50, 18, -127, 65, 57, -27, 99, 42, 122, 46, 23, -89, 99, 40, 46, -45, 48, 76, -57, -27, 24, 46, -48, -81, 7, 111, -127, -12, -90, -26, 112, -39, -110, -110, -38, 16, -115, 33, 48, 41, -2, 96, -106, 61, -117, -5, -50, -116, -23, 59, 37, -49, 62, 66, -57, 21, -14, -32, -47, 19, -35, 104, -82, -102, 107, 120, -125, 33, -87, -63, 72, 29, -93, 48, -102, -30, -22, 120, 114, -61, -21, 15, 113, -79, -105, 29, -93, -52, 23, 58, -111, 35, -32, -104, 81, -22, 66, 46, -14, 52, -28, -21, 40, -64, -43, 2, -105, -85, -83, 33, -77, -82, 57, -24, 13, -81, 42, -76, -71, -49, 50, -3, 102, -48, 8, 7, -126, -28, -35, 96, -122, -53, -4, -95, -80, 52, -93, -64, -8, 68, 62, -86, -72, 48, -113, 98, 13, 99, 5, 70, -11, -36, 20, 106, 50, -21, 10, 103, -108, 114, -45, 92, 35, 104, 52, -102, 97, 51, 88, -51, 41, 39, -24, -68, 52, -18, 106, 26, 55, 97, 98, -16, 26, 23, 10, -95, 75, -115, 39, -24, -104, -120, -21, 4, 92, 50, 8, -67, -122, -49, -69, -102, -54, 92, -99, 83, -111, -128, 105, -119, -81, 33, -64, -73, -91, -115, 61, 24, 51, -110, 36, -97, -21, 117, 20, -95, -104, -42, 108, -80, -76, 51, 109, 101, 5, 60, 57, -25, 57, -121, -14, -11, 20, 29, 83, -91, -93, -109, -24, -40, 52, 124, 5, 37, 26, -90, -23, 40, -59, -12, 30, 88, -87, 94, 21, 10, -101, -115, -36, 21, 104, -90, -37, -77, 44, 126, -34, 64, -31, 92, -38, 41, 76, 107, -103, 70, 99, -79, -101, -128, -101, -87, 99, 22, 102, 11, 92, -46, 104, 44, 55, 25, -75, 117, 70, 120, 1, 53, -26, 72, -38, 57, -52, 104, 29, 125, 126, 59, -57, 79, -71, 80, -114, 27, 53, 84, -24, -88, -108, 8, 26, -108, 64, 32, 35, -71, 73, -66, -7, -4, 26, -26, 68, -73, 40, 30, 49, -108, 106, -72, 73, 96, 72, -9, -62, -51, 12, 51, 111, -93, 25, -121, -30, 106, 6, 74, -25, -82, -3, -111, -19, -21, 58, -97, 57, 124, -86, -29, 68, -28, -64, -70, -45, -113, -17, 62, -75, 101, 103, -25, -6, -51, -111, 93, -121, -70, 94, -39, -19, -62, 92, 124, 85, 2, 121, -66, 64, 110, 2, -27, -29, 102, -26, 45, 13, 6, -18, 52, 106, 125, 38, 125, -30, -122, -64, 45, -46, 26, 53, 2, 87, 37, 32, 43, 79, 112, 104, -23, -113, 69, 58, 110, -59, 109, -76, 52, -93, -77, -105, -75, -50, 15, 39, 13, -73, -45, 43, 9, -99, -20, 102, -2, -101, -23, -62, 98, -44, -22, -88, 67, 61, 99, -112, -116, -25, 54, -41, -6, -68, 117, 76, 96, 125, 66, -61, 90, 33, 109, -79, 19, -52, 16, 3, -86, 103, -105, 48, 94, -17, -92, 15, 103, -108, 78, -81, 46, 113, 97, 41, -68, 26, -106, 73, -116, 45, -89, -101, 123, 18, 87, 123, 27, -4, 70, -72, 57, -56, 8, 46, -72, 8, 56, -59, -74, 23, 75, -3, 26, 117, -8, 17, 32, 16, -92, 126, 65, -17, 10, -122, -80, -64, 101, 125, 21, -76, -106, -92, -122, 82, -103, 59, 116, 4, -63, -80, 114, 74, -8, 72, -122, 2, -61, 122, -125, 39, -114, 68, 98, -91, 25, 43, 52, -36, -87, 99, 37, 86, -11, -116, 113, -91, 37, 89, 81, -127, 105, -85, -62, 50, -75, 38, -25, -116, 89, 52, 77, -118, -71, 75, -57, -35, -72, -121, -75, -94, -71, -87, 94, 41, -106, -110, -77, 104, -102, 100, -74, 20, -9, -23, 88, 35, 57, 37, -121, 40, -35, -119, -81, 11, 92, 26, 31, 80, -89, -10, -65, 22, -39, -4, 112, 52, -108, -106, -30, 27, 58, -42, 98, -99, -115, -9, -7, 102, -48, -69, 100, -107, 60, -26, 121, -35, 96, 9, 89, -81, 99, 3, 54, 82, -2, 10, -101, 66, -55, 103, -22, -37, -44, 43, 126, 45, 113, -89, -9, 110, -22, 58, 112, -65, 37, 84, 6, -43, 35, 58, 30, -107, 32, -41, 121, -76, 57, -63, -23, -26, 18, -93, -39, 23, -106, 117, -30, 49, 29, -113, -29, 9, 6, -123, -113, -71, 127, -66, -84, 11, -86, 12, -106, -53, -4, -4, -92, -114, 111, -30, 41, -102, 40, 44, -85, 16, -85, 15, 1, 83, 42, 19, -75, -128, 40, 119, 35, 9, 91, 101, 120, 111, -109, 105, 57, 81, 48, -69, -104, 76, -74, -21, -40, 33, -39, 103, -16, 88, 65, 86, -116, 121, 4, 95, -91, -41, -25, -13, -122, -100, -40, -55, -52, -44, 117, 124, 95, -41, 43, 123, 78, 63, -8, 24, -21, 103, -28, -60, -38, -45, -49, 29, -117, -20, 106, 57, -39, -15, -56, 88, -23, -91, -25, 116, 60, -113, 127, 33, -54, -67, -95, 25, -115, 77, -31, 85, 74, 51, 30, 121, -73, -128, 59, -78, -3, 96, 100, -57, -102, 88, -55, 61, -11, 98, -121, -92, 104, -47, -15, -126, -84, 26, -87, -26, 29, -51, -122, -113, 50, -10, 10, -116, -96, -116, -56, -125, 29, -111, -57, 55, -55, -63, -38, -35, -15, -108, -89, -98, 105, -117, 108, -34, -28, -60, 62, -127, -31, 75, -126, -127, -58, 41, -93, 66, -93, -61, 1, -7, 52, 26, -27, 65, -89, -116, -86, 31, 29, 94, 89, 86, -49, 25, -55, -2, 101, 29, 7, 112, -112, -20, -105, 4, -126, -115, 6, -51, 112, 125, -126, 32, 95, 116, 97, -64, -58, -116, 51, 0, -121, 117, 28, -63, 43, -106, 83, 98, -2, -66, 56, -28, 116, -121, -121, 100, -44, -86, -29, 40, -38, 8, 86, 43, 56, -30, 80, 56, -10, -4, 113, -107, 64, 115, 6, -108, -122, 14, 102, -123, -72, 37, -101, 48, 46, 99, -66, 74, -101, -10, -115, -78, 79, 94, -35, 116, -78, 99, 87, -25, -45, 79, 116, 62, -11, 108, -25, -109, -21, 93, 104, -105, -27, 109, 0, 78, -24, -8, 14, -66, 107, -95, -38, 110, 89, -50, -45, 15, -107, 107, 120, -125, 126, -24, -45, 122, 85, -121, 9, -72, -104, 124, 55, -110, -15, 61, 25, 119, 111, 10, 12, -50, 41, 79, 28, 120, -81, 67, 119, 51, 97, -1, 80, -18, 123, 43, -79, -101, 46, 46, 33, 107, -8, 49, -125, -73, -69, 5, -102, 109, -124, -106, -78, 13, 114, -31, 71, 72, 114, -30, 39, 4, -67, 12, 15, 39, 126, -54, -111, 12, 32, 39, -2, -115, -83, 72, 56, -32, -60, -49, 24, 38, 86, 16, 57, -15, 31, -60, -105, 44, 59, 44, -127, -115, 77, 78, -4, 39, 67, 58, -44, 92, -57, -34, -115, 81, -11, 33, 126, -95, -31, 35, -39, -86, -3, 50, 42, 73, 41, 48, 45, 16, -16, -103, -122, 95, 30, 114, 97, -68, 98, -10, 60, -77, -13, -81, -103, -87, -52, 96, 48, 16, -84, 12, 53, 72, -72, -2, 70, -57, 127, -31, 36, -79, 17, 7, -41, -39, -34, 16, -37, 20, -103, -26, -30, 122, -60, 10, 78, -78, -44, 116, -30, -108, -122, 46, 29, -89, 37, 98, -6, -9, 92, 38, -44, -116, -6, 122, 23, -86, -16, 59, 29, -65, -57, 31, 44, -1, 85, 82, 99, -93, -127, -2, -53, -52, 73, 96, 43, -39, 60, 124, -94, -29, 79, -78, 115, 72, -94, 98, 110, -92, 98, -90, 20, -13, 63, 58, 62, -59, -1, -86, 4, -71, -38, 74, 47, 101, 114, -6, -116, 44, 116, 127, -111, -63, 80, -106, -80, -94, 125, 30, 45, -23, 74, -85, -110, 96, -48, 88, 37, 85, 115, -31, 51, 36, 73, -6, -77, 58, -2, -122, 115, 50, -13, -121, -93, 29, -35, -32, -88, 94, -118, -92, -52, -98, 47, 78, 23, 66, 56, 52, -111, -92, -117, 100, -103, 79, -36, 125, -73, -48, 35, 75, -115, 80, -107, -71, 50, 44, -9, -90, -22, 66, 19, -68, 6, 36, -5, 57, -47, -5, -76, -74, 126, -14, 90, -47, -30, 20, -23, 2, -109, -89, -56, 127, -39, -111, -51, 7, 34, 27, 95, -120, -76, -19, 73, -112, -4, 55, -18, -108, -55, 102, -37, 55, -84, 116, 23, -39, -68, -2, 84, -57, -98, 108, 69, -26, 20, 108, 110, 82, 74, -120, 73, 51, 5, -22, 95, 82, 23, 97, 35, 50, 116, -31, 22, -20, -115, -45, 101, -107, 40, -79, -6, 99, 121, -66, 68, 97, 59, -33, 41, -78, 104, -42, 105, -127, 90, -101, -123, -8, -44, 41, -40, -8, -113, 114, 89, -102, 117, 110, 104, -23, 122, 110, 19, 53, -77, -76, -119, -23, 97, 105, 16, -91, -55, -105, 98, -121, -23, -30, 114, -63, 58, -31, -108, -75, 108, -70, 17, 54, 4, 114, 46, 10, 60, 44, -109, 78, 49, -126, -74, -75, -110, -128, 125, -18, -105, 55, -79, -117, -110, 124, -81, -44, -59, 72, 49, -118, -66, 14, -37, 23, 26, -39, 20, -58, -27, -87, 73, 23, -121, 80, 102, -88, 94, 119, 29, -89, -72, -118, 57, 35, 122, -48, 111, 63, -44, 117, -32, 73, 43, 1, 89, 26, 88, 71, 116, -119, 49, 34, 87, 19, 121, 68, -103, -56, -17, -127, -78, 50, 127, -40, 108, 48, 85, -28, -12, 8, 66, 123, -98, -20, 121, -111, -16, -40, -20, 105, -78, -50, -11, 71, -83, -53, -98, -59, -40, -51, 59, -34, 86, 55, -100, -40, -22, 20, -29, -70, 55, 90, 54, -120, 60, -78, 46, -14, -24, 97, 91, 3, -38, 96, -68, 46, 38, -120, -119, -76, 1, -111, 52, 47, 1, 68, 71, -98, 63, -17, 119, -61, -42, 41, 38, 9, 76, -76, 4, -108, 77, 47, -54, 30, 21, -54, -49, 62, -75, -79, -75, 115, -51, -3, -42, -72, -21, -64, -98, -50, 7, -42, -54, 113, -63, 84, -7, 110, -107, 86, -66, -41, -113, -14, 59, 69, 17, -109, -110, -20, 107, 55, -18, 100, 57, 19, -109, -91, 61, -90, 124, 121, -113, 105, -21, -30, 70, -102, 108, 36, -53, -59, 87, 116, 81, 34, -90, -111, -107, -22, -66, -39, 36, 78, -2, -121, -54, 96, -81, 91, -125, 38, -104, 47, 70, 119, 31, -109, 23, 62, -69, 89, 40, 44, -115, 13, -93, 121, 87, -108, 34, -119, -55, 52, 46, 114, -82, -19, 25, 16, -109, 47, 24, 71, -22, -126, 59, -107, -105, -92, 89, -67, -20, 58, -7, 31, -31, 98, 31, 103, -86, -30, 84, 116, -111, -108, 125, -18, 94, -110, 56, -71, 52, 80, 111, -54, 11, -68, -41, 111, 86, 53, 55, -42, -102, -63, 121, -14, -10, -64, 91, 55, -117, 94, -35, 114, -14, 83, -17, -102, -88, 98, 85, 89, 52, 77, 19, 115, -5, -76, -36, -79, -126, -82, -119, -101, 123, -36, -127, 98, 119, 17, -127, -59, -1, 36, -70, 46, -46, 12, 2, -117, 46, 34, 116, -1, 121, 19, 39, 55, 26, 94, 85, 8, 23, 37, -112, 50, 95, 19, -73, -16, -36, 9, -106, 52, -79, -80, -41, -126, -51, -107, -23, 109, 114, -99, -49, -2, -26, -29, -86, 14, 52, 7, -21, -52, -103, 94, 105, -88, -63, 125, -66, -73, 92, 45, -87, 89, 62, 89, 118, -61, 33, 78, 53, 85, -102, -31, -91, -127, -6, -112, 83, 124, -115, -120, -75, -82, -119, -15, 9, -33, -54, 17, -42, 37, 50, 114, -96, -67, 40, -101, 117, -92, 86, -32, 74, -21, 67, 81, 100, -45, 55, -83, 13, -100, -49, -49, -114, -1, 120, -92, 54, -14, 114, -106, 101, -83, 119, 110, -33, 27, -93, 80, 75, 68, 89, -46, -68, 91, 56, 88, 42, -112, -33, -3, -67, -87, -11, 8, -5, -82, -56, -15, 39, 34, 27, 30, -114, -15, 33, -24, -73, -81, -79, 50, -68, 34, 93, -58, 4, 105, -67, 90, -48, -25, 100, 118, -63, 84, -75, -49, 78, 14, -36, -28, 99, 20, -38, -43, 73, -75, 115, 106, -110, 70, 119, -86, -46, -92, -34, -102, -120, 120, -42, 24, 53, 102, -58, -20, 23, -19, -5, -42, -117, 79, 94, -35, 48, 32, 85, -124, 93, -94, 89, -84, -48, 4, 111, 86, -77, -60, 74, 90, -89, -37, -16, 94, -1, -118, -64, 114, -45, 118, -116, -11, 85, 96, 38, -83, -85, -46, -34, -45, -15, -79, 99, 111, -76, -116, 60, -37, -16, -41, -5, -52, -48, -56, -118, 64, 96, 121, 115, 83, -126, -120, 61, 31, -31, -68, 85, 77, 102, -94, -2, -10, -62, 105, -50, 102, 81, 106, -8, 124, -43, 108, 41, 24, 38, 122, -103, -33, -49, 88, -16, 25, -95, -112, 25, -46, -60, 93, -47, 79, 61, 95, -90, -86, 38, -18, -119, 126, 126, 58, -17, 86, 26, -45, -38, -116, 17, -20, -35, 28, -84, -64, -55, 24, 34, 63, 4, 66, -120, -103, 124, 115, -120, 89, 124, 103, 67, 23, 123, -97, 13, -105, -68, -113, 113, 60, 68, 126, 55, -117, -51, -105, 113, 94, -56, -113, -101, -100, 41, -25, -52, 48, -66, 9, -2, -90, -28, 30, -123, 56, 36, 75, -69, -72, -111, -49, 84, 53, 57, 0, 105, -78, -79, -80, -73, -98, -92, -48, 84, -2, -34, 61, 60, 109, -53, 118, -12, 59, 6, -83, -58, -99, 118, 20, -23, 39, 14, -93, 127, -18, -16, 54, 100, -74, 99, 72, 18, 22, 28, 70, 118, 110, 59, -82, 116, 96, 27, 102, -71, -81, 106, -61, -104, -86, 99, 40, -84, 113, 95, 115, 20, -41, 22, 37, 23, 120, -110, 91, 49, -66, -96, 21, -109, -118, 82, -28, 70, 79, 74, 59, 38, 43, -94, 27, 114, 59, 48, 3, 104, 69, 89, 11, 6, -112, 100, 110, -115, -5, -26, -126, -93, -104, 119, 66, 46, 13, -17, -64, 2, -75, 118, -120, 122, -27, -30, 118, -44, -78, -39, 116, 40, 77, -89, 82, 75, -48, 44, -87, 60, -26, 64, -116, -60, -27, -72, -118, 59, 114, 49, 22, 121, 40, 70, 62, 74, 80, -64, -66, -2, 106, 84, -93, -112, 116, -29, 72, 57, 22, 117, -72, 6, 126, -116, -57, 93, -104, 32, 42, 72, -19, 66, -46, -64, 51, -72, 73, 67, 85, 58, -53, 22, -81, 89, -10, -119, -25, -13, -38, 42, -115, 61, -46, 58, -45, 66, 7, 111, 39, -117, 43, -14, -66, -113, 12, 121, 120, 42, -4, 53, 64, 26, 32, -81, 21, -58, 65, 101, 94, -87, -111, -68, 116, -128, -78, -5, 97, 50, 50, 48, 5, -61, 113, -125, -110, -30, -124, -8, 2, -61, 53, 44, -90, 85, -39, 55, -39, 50, -98, -26, 110, -71, 127, 102, -68, -116, -54, -4, 62, 50, -36, 102, 27, 26, -86, 10, -14, 91, -31, 107, 69, 83, 1, 69, -122, 91, -79, -102, -106, -68, -9, -96, 101, -83, -5, -107, -75, 104, -97, -31, -72, 30, 69, 49, -5, -116, -26, -119, -128, 50, 106, 83, 78, 109, 110, -28, -22, 28, -116, -62, 92, 90, -27, 38, 76, -64, -51, -36, 89, 77, 93, -25, 41, 13, 117, 56, 44, 13, 121, -77, -85, 34, 29, -17, -119, -74, -106, -90, -83, -27, 40, 91, -115, -36, 86, 60, 16, -45, -127, 58, 61, -72, -49, 82, -30, -95, -88, 18, -112, -97, -109, 99, 74, 12, 81, -127, 83, -53, 103, 29, -46, 81, -49, 120, 52, -71, -70, -124, -13, 13, 74, 48, -61, -83, -58, 18, -55, -21, -97, 45, 50, -97, 2, 37, -97, 76, 25, 94, 105, 42, -68, 30, 78, -30, 122, 86, 43, 54, -17, -17, 21, -88, 1, -102, -108, 45, 35, -91, -111, 50, 121, 16, 103, -35, -12, -58, -102, -61, -40, -30, 50, 110, 61, -126, 45, 29, 52, 51, -118, 82, -38, -16, -52, 117, -87, 73, 19, -39, -38, -92, 101, -89, 109, -39, 97, -57, -16, -73, -92, 121, 115, -33, 68, 22, 15, -11, -20, 54, -12, -49, 123, 19, 46, 30, -19, -39, -83, -10, -6, 46, -75, -50, -103, 61, -47, -103, 23, -107, 67, 94, -46, -114, -61, 81, -109, -108, 91, 93, -109, -100, 87, 93, -109, -110, 77, 21, -85, 107, 82, 61, 41, -43, 109, -40, 95, -28, -54, 109, -61, -95, -94, 116, 79, -70, -57, -27, 73, 110, -61, -73, -73, 73, -46, -10, 26, -9, -79, -93, 56, 46, 1, 83, 83, -92, -65, -50, 45, -81, 93, -41, 111, 112, -65, 108, -62, 105, -48, 49, -68, 94, -61, 97, 7, -2, 85, -6, -5, -5, 10, 84, 124, 55, -43, -63, 45, -120, -12, -49, -53, 35, 69, -74, 17, -101, 74, -98, -24, -108, -24, -56, 35, -43, 15, 20, 60, 60, -6, 27, 45, 72, 47, 26, -64, 95, -49, -128, 19, -57, -16, -93, -102, -93, 120, -69, -56, -27, 113, -71, -33, -119, 34, -115, -29, 119, 115, 99, -61, -9, -14, 98, -61, -9, -77, 99, 124, -7, -10, -17, -125, 83, -29, 95, 63, -56, 114, -74, -31, -25, -79, -41, 95, 121, -46, -94, 74, 125, -20, 113, -75, 35, -30, -64, -126, 22, -100, -107, -110, 90, -15, -37, -94, -76, -61, -8, -93, 39, -83, 3, 127, 86, 74, -3, 127, -85, -79, -94, 104, 96, 84, 100, -122, 39, 35, 78, 100, 70, -73, -56, -116, 110, -111, 25, 61, 68, 102, -12, 20, -103, -47, 83, 100, 70, 79, -111, 25, -106, 72, -49, 64, 122, -21, 99, -2, -75, -29, -65, -39, -128, -44, -73, -29, -1, 36, -118, -121, 30, 100, 28, -18, -28, 109, -10, 12, 35, -12, 12, -66, 80, -65, 67, 121, 9, 109, 98, -92, -53, 95, -66, -77, 78, -82, 83, -65, 103, -60, 103, -14, -41, -58, 75, 39, 33, 12, -90, -89, -127, -72, 27, 89, -72, -121, 88, -70, -105, 20, 95, 103, -102, 123, -128, 105, 109, 45, -109, -38, 58, 66, 121, 61, -95, -69, 1, -73, -31, 97, -18, 122, -124, -85, -113, -14, -71, -103, -111, -66, -123, 82, -97, -60, 110, -26, -1, 125, -84, 0, -81, -30, 25, -68, -115, -19, -8, 53, 118, -80, 66, 124, -117, 78, -39, -119, 115, -40, 45, -100, -40, 35, 50, -47, -62, 68, -12, -126, -56, -59, -117, 98, 18, -10, -78, -118, -68, 36, -26, 99, -97, -88, -59, 126, -47, -120, -105, -87, -23, -77, 34, -120, -25, -60, 42, 60, 47, -42, -111, -26, 81, -46, 60, 67, -102, 61, -92, 57, 68, -102, 19, -92, 121, -121, 52, 31, -111, -26, 52, 105, 62, 37, -51, 25, -20, 118, 56, -80, -57, -47, 31, 45, 14, 15, 94, 112, -116, -60, -117, -114, 113, -40, -21, 40, -63, 75, -114, -71, -40, -25, -72, 21, -5, 29, 13, 120, -39, -79, 12, 7, 21, -10, 77, -92, -97, -29, -95, -100, 26, -102, -7, -105, -84, -119, 74, -7, 35, -8, 0, -78, -46, 50, -50, -94, 72, -82, -120, 57, 103, 113, -91, 6, 71, -14, 57, 102, -84, -12, -66, 123, -83, 61, -36, 0, -34, -58, 111, -6, 11, -76, 51, 104, 98, 70, 57, -125, 117, 124, -3, 43, -126, 118, -7, -85, 102, -94, -32, -67, -54, 74, 20, -40, -59, -19, 50, -85, 85, 31, -61, 103, -116, -105, -65, 86, 40, 31, 126, 33, 80, -103, -33, 46, -53, -30, 86, 20, 113, -112, 34, -92, 51, -85, -104, 33, 70, 20, -72, -33, 85, 41, 58, -73, 85, -92, 109, -125, -69, -64, -3, 94, -20, 117, 43, -46, -13, 10, -20, 16, 60, -9, 70, 94, 119, 57, -72, -126, -119, 95, 66, -38, -55, 100, 58, 18, -19, 60, 106, 7, -113, 112, 12, 51, -23, -103, 42, -68, -58, 52, 124, 66, -39, -31, 18, 36, -97, 69, -122, -122, 78, 77, -80, 78, -116, -41, 48, -12, 115, 104, -97, -109, -119, -91, -7, 60, 106, -2, 85, 58, 71, 37, 71, -57, 83, -14, -1, 23, 50, 108, -62, -60, -1, 32, 65, -48, -107, 13, 18, 122, -90, -24, -33, 38, 6, 14, 18, -103, -103, 98, 48, 7, 106, -23, 82, 107, -87, -126, -77, -107, -103, 98, -56, 52, -107, 18, -19, 116, 24, -51, 96, -52, 94, -55, -7, -52, 96, 35, 122, 100, -80, -44, 60, 79, 106, -101, -72, -84, 72, 83, 124, -78, -55, 39, 47, 127, -124, 71, 107, 19, 87, 44, 80, 51, -93, 57, -45, -101, 67, -122, -8, -76, 77, -28, 116, -13, 112, -26, 121, -100, -110, 71, -102, 36, 77, -117, -111, -78, 106, -107, -87, -127, -50, 124, -42, 33, 10, 85, -102, 80, 19, -103, 106, 98, 108, -9, -60, 53, 28, -120, 54, 113, -83, 114, -117, 76, 33, -74, 99, -18, -111, 35, -53, 51, 69, -23, 106, -25, 117, 78, -91, -118, 39, -35, -3, -114, 114, 10, 85, -30, -8, 3, 53, 102, 6, -2, -71, -14, 81, -38, 32, 113, 125, 11, 50, -71, -16, 43, -75, -48, 38, -118, 59, -60, 84, 70, 64, 77, 10, -25, -34, -75, 9, 83, 57, 126, -49, 30, 107, 28, -65, 111, -115, 91, -59, 13, -12, -19, 125, -121, 98, -82, 93, -51, 110, 3, -8, 30, -53, -42, 15, 88, 112, 126, 72, -120, -2, -104, 46, 126, 27, 57, 120, -121, -27, -21, 39, -20, 52, -34, 101, 15, -16, 83, 44, -62, -5, 44, 124, 63, -125, 15, 31, 48, -86, 63, 36, -104, 127, 65, 16, 126, -124, 22, -4, 18, 7, -15, 49, -125, -30, 55, 120, -117, -32, -4, -112, -64, 63, -119, 83, 34, 5, 93, 34, 11, -65, 21, -61, -16, 59, 81, -123, -33, -117, -123, -8, -125, 88, -126, 63, 10, 31, -25, -101, -16, 39, 17, -62, -97, 85, -56, 60, 6, -62, -31, 19, -72, 52, -79, 32, -118, 8, 27, 9, -107, -10, 83, -80, 58, -98, 99, -88, -91, 95, 104, 11, 67, 13, 41, 26, -54, -43, 68, 13, -1, -60, 57, 102, -98, 47, 37, 73, -19, 65, 66, -24, 125, 38, 97, 44, 22, -59, 122, -53, 89, -86, 121, 2, -82, 60, 38, 74, 107, -114, -118, 25, 71, -48, -33, 6, -38, 17, 124, -100, -58, -78, 28, -101, -49, -18, -18, 60, -83, -18, 41, -125, 61, 89, 38, -1, -69, -124, -87, 111, 8, 111, -15, -73, 42, -101, -33, 38, 22, -85, -114, -49, 69, 11, 8, 113, -69, 122, 26, -22, 89, -89, -98, -90, 122, 54, -88, -89, 87, 61, -105, -85, 103, -93, 122, 6, -44, -13, 14, 38, 51, -39, -15, 9, -79, 90, -36, 45, -18, -123, -25, -17, -71, 104, 46, -81, -3, 31, 0, 0]
}